2 124 [1.18, 1.96, 2.75]
2 83 [0.39, 1.96, 2.75]
2 35 [0.79, 1.96, 2.75]
2 55 [1.18, 1.96, 2.75]
2 150 [0.39, 1.18, 1.96]
2 160 [0.79, 1.57, 2.75]
2 93 [0.0, 1.18, 2.35]
2 83 [0.39, 1.18, 2.75]
2 10 [1.18, 1.96, 2.75]
2 44 [0.39, 1.18, 1.96]
2 113 [0.39, 1.18, 2.75]
2 162 [0.39, 1.18, 2.35]
2 179 [0.39, 1.96, 2.75]
2 161 [0.0, 0.79, 1.96]
2 120 [0.39, 1.18, 2.75]
2 152 [0.79, 1.96, 2.75]
2 81 [0.0, 0.79, 1.96]
2 174 [0.39, 1.18, 1.96]
2 56 [0.39, 1.18, 2.35]
2 107 [0.39, 1.18, 2.75]
2 203 [0.39, 1.57, 2.75]
2 205 [0.39, 1.57, 2.35]
2 208 [0.39, 1.57, 2.35]
2 209 [0.0, 0.79, 1.96]
2 204 [0.0, 0.79, 1.96]
2 207 [0.79, 1.96, 2.75]
2 106 [0.39, 1.18, 2.75]
2 108 [0.0, 1.18, 1.96]
2 180 [0.39, 1.18, 1.96]
2 84 [0.39, 1.96, 2.75]
2 23 [0.39, 1.96, 2.75]
2 203 [0.79, 1.96, 2.75]
2 133 [0.0, 0.79, 1.96]
2 12 [0.39, 1.18, 2.35]
2 70 [0.39, 1.57, 2.75]
2 11 [0.79, 1.96, 2.75]
2 64 [0.39, 1.18, 2.75]
2 208 [0.39, 1.18, 1.96]
2 210 [0.39, 1.96, 2.75]
2 185 [0.79, 1.57, 2.75]
2 175 [0.0, 1.18, 1.96]
2 84 [0.39, 1.18, 2.75]
2 102 [0.39, 1.18, 1.96]
2 89 [0.39, 1.18, 2.75]
2 149 [0.39, 1.96, 2.75]
2 168 [0.39, 1.57, 2.35]
2 167 [0.79, 1.96, 2.75]
2 194 [0.39, 1.57, 2.75]
2 143 [0.39, 1.57, 2.75]
2 104 [0.39, 1.18, 2.35]
2 215 [0.39, 1.96, 2.75]
2 149 [0.39, 1.18, 1.96]
2 145 [0.39, 1.57, 2.75]
2 10 [0.39, 1.96, 2.75]
2 179 [1.18, 1.96, 2.75]
2 199 [0.39, 1.18, 2.35]
2 202 [1.18, 1.96, 2.75]
2 160 [0.39, 1.18, 2.35]
2 156 [0.39, 1.18, 2.75]
2 185 [0.39, 1.57, 2.75]
2 212 [0.39, 1.57, 2.35]
2 25 [0.39, 1.18, 2.35]
2 32 [0.39, 1.18, 2.35]
2 156 [0.39, 1.18, 2.35]
2 90 [0.39, 1.18, 1.96]
2 95 [0.39, 1.96, 2.75]
2 204 [0.39, 1.18, 1.96]
2 109 [0.39, 1.18, 2.35]
2 158 [0.39, 1.18, 1.96]
2 210 [0.39, 1.18, 1.96]
2 174 [0.39, 1.18, 2.35]
2 186 [0.0, 1.18, 2.35]
2 150 [0.39, 1.18, 2.35]
2 48 [0.39, 1.18, 2.35]
2 164 [0.39, 1.18, 2.35]
2 203 [0.39, 1.18, 1.96]
2 152 [0.39, 1.18, 2.35]
2 10 [0.39, 1.18, 2.75]
2 59 [0.39, 1.96, 2.75]
2 85 [0.0, 1.18, 1.96]
2 92 [0.39, 1.18, 2.75]
2 89 [0.39, 1.18, 1.96]
2 122 [0.39, 1.18, 1.96]
2 204 [0.39, 1.18, 2.35]
2 164 [0.39, 1.18, 2.35]
2 22 [0.39, 1.96, 2.75]
2 59 [0.39, 1.96, 2.75]
2 188 [0.39, 1.18, 1.96]
2 26 [0.39, 1.18, 2.35]
2 133 [0.39, 1.18, 1.96]
2 111 [0.39, 1.18, 2.75]
2 124 [0.39, 1.18, 2.75]
2 210 [0.39, 1.18, 2.35]
2 78 [0.0, 0.79, 1.96]
2 96 [0.39, 1.18, 2.35]
2 206 [0.39, 1.18, 2.35]
2 179 [0.39, 1.18, 2.35]
2 87 [0.39, 1.18, 2.35]
2 209 [0.39, 1.18, 2.35]
2 10 [0.39, 1.18, 2.75]
2 72 [0.39, 1.18, 2.35]
2 89 [1.18, 1.96, 2.75]
2 126 [0.39, 1.18, 2.35]
2 145 [0.39, 1.18, 1.96]
2 41 [0.39, 1.96, 2.75]
2 60 [0.39, 1.18, 1.96]
2 113 [0.39, 1.18, 1.96]
2 168 [0.39, 1.18, 2.35]
2 134 [0.39, 1.18, 2.35]
2 29 [0.39, 1.96, 2.75]
2 119 [0.39, 1.18, 2.35]
2 83 [0.39, 1.96, 2.75]
2 155 [0.39, 1.96, 2.75]
2 40 [0.39, 1.57, 2.75]
2 87 [0.39, 1.57, 2.75]
2 102 [0.39, 1.18, 2.75]
2 108 [0.39, 1.57, 2.75]
