bi [1.18, 1.96, 2.75]
bi [0.39, 1.96, 2.75]
bi [0.79, 1.96, 2.75]
bi [1.18, 1.96, 2.75]
bi [0.39, 1.18, 1.96]
bi [0.79, 1.57, 2.75]
bi [0.0, 1.18, 2.35]
bi [0.39, 1.18, 2.75]
bi [1.18, 1.96, 2.75]
bi [0.39, 1.18, 1.96]
bi [0.39, 1.18, 2.75]
bi [0.39, 1.18, 2.35]
bi [0.39, 1.96, 2.75]
bi [0.0, 0.79, 1.96]
bi [0.39, 1.18, 2.75]
bi [0.79, 1.96, 2.75]
bi [0.0, 0.79, 1.96]
bi [0.39, 1.18, 1.96]
bi [0.39, 1.18, 2.35]
bi [0.39, 1.18, 2.75]
bi [0.39, 1.57, 2.75]
bi [0.39, 1.57, 2.35]
bi [0.39, 1.57, 2.35]
bi [0.0, 0.79, 1.96]
bi [0.0, 0.79, 1.96]
bi [0.79, 1.96, 2.75]
bi [0.39, 1.18, 2.75]
bi [0.0, 1.18, 1.96]
bi [0.39, 1.18, 1.96]
bi [0.39, 1.96, 2.75]
bi [0.39, 1.96, 2.75]
bi [0.79, 1.96, 2.75]
bi [0.0, 0.79, 1.96]
bi [0.39, 1.18, 2.35]
bi [0.39, 1.57, 2.75]
bi [0.79, 1.96, 2.75]
bi [0.39, 1.18, 2.75]
bi [0.39, 1.18, 1.96]
bi [0.39, 1.96, 2.75]
bi [0.79, 1.57, 2.75]
bi [0.0, 1.18, 1.96]
bi [0.39, 1.18, 2.75]
bi [0.39, 1.18, 1.96]
bi [0.39, 1.18, 2.75]
bi [0.39, 1.96, 2.75]
bi [0.39, 1.57, 2.35]
bi [0.79, 1.96, 2.75]
bi [0.39, 1.57, 2.75]
bi [0.39, 1.57, 2.75]
bi [0.39, 1.18, 2.35]
bi [0.39, 1.96, 2.75]
bi [0.39, 1.18, 1.96]
bi [0.39, 1.57, 2.75]
bi [0.39, 1.96, 2.75]
bi [1.18, 1.96, 2.75]
bi [0.39, 1.18, 2.35]
bi [1.18, 1.96, 2.75]
bi [0.39, 1.18, 2.35]
bi [0.39, 1.18, 2.75]
bi [0.39, 1.57, 2.75]
bi [0.39, 1.57, 2.35]
bi [0.39, 1.18, 2.35]
bi [0.39, 1.18, 2.35]
bi [0.39, 1.18, 2.35]
bi [0.39, 1.18, 1.96]
bi [0.39, 1.96, 2.75]
bi [0.39, 1.18, 1.96]
bi [0.39, 1.18, 2.35]
bi [0.39, 1.18, 1.96]
bi [0.39, 1.18, 1.96]
bi [0.39, 1.18, 2.35]
bi [0.0, 1.18, 2.35]
bi [0.39, 1.18, 2.35]
bi [0.39, 1.18, 2.35]
bi [0.39, 1.18, 2.35]
bi [0.39, 1.18, 1.96]
bi [0.39, 1.18, 2.35]
bi [0.39, 1.18, 2.75]
bi [0.39, 1.96, 2.75]
bi [0.0, 1.18, 1.96]
bi [0.39, 1.18, 2.75]
bi [0.39, 1.18, 1.96]
bi [0.39, 1.18, 1.96]
bi [0.39, 1.18, 2.35]
bi [0.39, 1.18, 2.35]
bi [0.39, 1.96, 2.75]
bi [0.39, 1.96, 2.75]
bi [0.39, 1.18, 1.96]
bi [0.39, 1.18, 2.35]
bi [0.39, 1.18, 1.96]
bi [0.39, 1.18, 2.75]
bi [0.39, 1.18, 2.75]
bi [0.39, 1.18, 2.35]
bi [0.0, 0.79, 1.96]
bi [0.39, 1.18, 2.35]
bi [0.39, 1.18, 2.35]
bi [0.39, 1.18, 2.35]
bi [0.39, 1.18, 2.35]
bi [0.39, 1.18, 2.35]
bi [0.39, 1.18, 2.75]
bi [0.39, 1.18, 2.35]
bi [1.18, 1.96, 2.75]
bi [0.39, 1.18, 2.35]
bi [0.39, 1.18, 1.96]
bi [0.39, 1.96, 2.75]
bi [0.39, 1.18, 1.96]
bi [0.39, 1.18, 1.96]
bi [0.39, 1.18, 2.35]
bi [0.39, 1.18, 2.35]
bi [0.39, 1.96, 2.75]
bi [0.39, 1.18, 2.35]
bi [0.39, 1.96, 2.75]
bi [0.39, 1.96, 2.75]
bi [0.39, 1.57, 2.75]
bi [0.39, 1.57, 2.75]
bi [0.39, 1.18, 2.75]
bi [0.39, 1.57, 2.75]
