6
124 [1.18, 1.96, 2.75]
9
83 [0.39, 1.96, 2.75]
10
35 [0.79, 1.96, 2.75]
10
55 [1.18, 1.96, 2.75]
10
150 [0.39, 1.18, 1.96]
10
160 [0.79, 1.57, 2.75]
11
93 [0.0, 1.18, 2.35]
16
83 [0.39, 1.18, 2.75]
18
10 [1.18, 1.96, 2.75]
18
44 [0.39, 1.18, 1.96]
19
113 [0.39, 1.18, 2.75]
19
162 [0.39, 1.18, 2.35]
19
179 [0.39, 1.96, 2.75]
20
161 [0.0, 0.79, 1.96]
23
120 [0.39, 1.18, 2.75]
24
152 [0.79, 1.96, 2.75]
25
81 [0.0, 0.79, 1.96]
25
174 [0.39, 1.18, 1.96]
27
56 [0.39, 1.18, 2.35]
29
107 [0.39, 1.18, 2.75]
29
203 [0.39, 1.57, 2.75]
29
205 [0.39, 1.57, 2.35]
29
208 [0.39, 1.57, 2.35]
29
209 [0.0, 0.79, 1.96]
30
204 [0.0, 0.79, 1.96]
30
207 [0.79, 1.96, 2.75]
35
106 [0.39, 1.18, 2.75]
36
108 [0.0, 1.18, 1.96]
37
180 [0.39, 1.18, 1.96]
38
84 [0.39, 1.96, 2.75]
43
23 [0.39, 1.96, 2.75]
43
203 [0.79, 1.96, 2.75]
44
133 [0.0, 0.79, 1.96]
46
12 [0.39, 1.18, 2.35]
46
70 [0.39, 1.57, 2.75]
47
11 [0.79, 1.96, 2.75]
47
64 [0.39, 1.18, 2.75]
48
208 [0.39, 1.18, 1.96]
48
210 [0.39, 1.96, 2.75]
49
185 [0.79, 1.57, 2.75]
50
175 [0.0, 1.18, 1.96]
58
84 [0.39, 1.18, 2.75]
58
102 [0.39, 1.18, 1.96]
61
89 [0.39, 1.18, 2.75]
61
149 [0.39, 1.96, 2.75]
67
168 [0.39, 1.57, 2.35]
68
167 [0.79, 1.96, 2.75]
68
194 [0.39, 1.57, 2.75]
69
143 [0.39, 1.57, 2.75]
72
104 [0.39, 1.18, 2.35]
75
215 [0.39, 1.96, 2.75]
78
149 [0.39, 1.18, 1.96]
82
145 [0.39, 1.57, 2.75]
83
10 [0.39, 1.96, 2.75]
83
179 [1.18, 1.96, 2.75]
83
199 [0.39, 1.18, 2.35]
84
202 [1.18, 1.96, 2.75]
89
160 [0.39, 1.18, 2.35]
90
156 [0.39, 1.18, 2.75]
91
185 [0.39, 1.57, 2.75]
95
212 [0.39, 1.57, 2.35]
101
25 [0.39, 1.18, 2.35]
101
32 [0.39, 1.18, 2.35]
102
156 [0.39, 1.18, 2.35]
103
90 [0.39, 1.18, 1.96]
103
95 [0.39, 1.96, 2.75]
106
204 [0.39, 1.18, 1.96]
108
109 [0.39, 1.18, 2.35]
110
158 [0.39, 1.18, 1.96]
112
210 [0.39, 1.18, 1.96]
113
174 [0.39, 1.18, 2.35]
114
186 [0.0, 1.18, 2.35]
117
150 [0.39, 1.18, 2.35]
119
48 [0.39, 1.18, 2.35]
121
164 [0.39, 1.18, 2.35]
123
203 [0.39, 1.18, 1.96]
124
152 [0.39, 1.18, 2.35]
125
10 [0.39, 1.18, 2.75]
126
59 [0.39, 1.96, 2.75]
126
85 [0.0, 1.18, 1.96]
131
92 [0.39, 1.18, 2.75]
132
89 [0.39, 1.18, 1.96]
132
122 [0.39, 1.18, 1.96]
132
204 [0.39, 1.18, 2.35]
134
164 [0.39, 1.18, 2.35]
137
22 [0.39, 1.96, 2.75]
139
59 [0.39, 1.96, 2.75]
139
188 [0.39, 1.18, 1.96]
140
26 [0.39, 1.18, 2.35]
141
133 [0.39, 1.18, 1.96]
142
111 [0.39, 1.18, 2.75]
143
124 [0.39, 1.18, 2.75]
143
210 [0.39, 1.18, 2.35]
144
78 [0.0, 0.79, 1.96]
145
96 [0.39, 1.18, 2.35]
146
206 [0.39, 1.18, 2.35]
148
179 [0.39, 1.18, 2.35]
149
87 [0.39, 1.18, 2.35]
152
209 [0.39, 1.18, 2.35]
155
10 [0.39, 1.18, 2.75]
155
72 [0.39, 1.18, 2.35]
155
89 [1.18, 1.96, 2.75]
155
126 [0.39, 1.18, 2.35]
158
145 [0.39, 1.18, 1.96]
160
41 [0.39, 1.96, 2.75]
162
60 [0.39, 1.18, 1.96]
162
113 [0.39, 1.18, 1.96]
162
168 [0.39, 1.18, 2.35]
164
134 [0.39, 1.18, 2.35]
165
29 [0.39, 1.96, 2.75]
166
119 [0.39, 1.18, 2.35]
169
83 [0.39, 1.96, 2.75]
169
155 [0.39, 1.96, 2.75]
172
40 [0.39, 1.57, 2.75]
172
87 [0.39, 1.57, 2.75]
172
102 [0.39, 1.18, 2.75]
172
108 [0.39, 1.57, 2.75]
